beverage_area:
- x: -0.18
- y: -1.34
- theta: 0.06
- qx: 0.0
- qy: 0.0
- qz: 0.02763566430327391
- qw: 0.9996180620909746
door:
- x: 0.13
- y: 0.69
- theta: 0.02
- qx: 0.0
- qy: 0.0
- qz: 0.008724711220485879
- qw: 0.999961938982739
living_room:
- x: -0.96
- y: -1.18
- theta: 1.16
- qx: 0.0
- qy: 0.0
- qz: 0.546980707789833
- qw: 0.8371452116005522
