beverage_area:
- x: 4.28
- y: -1.47
- theta: 3.13
- qx: 0.0
- qy: 0.0
- qz: 0.9999838920897696
- qw: 0.005675875350663886
door:
- x: 5.17
- y: -3.5
- theta: 0.0
- qx: 0.0
- qy: 0.0
- qz: 0.0021661707028897935
- qw: 0.9999976538494907
living_room:
- x: 4.95
- y: -1.05
- theta: -1.67
- qx: 0.0
- qy: 0.0
- qz: -0.7408586708965123
- qw: 0.6716609485130522
origin:
- x: 0.0
- y: 0.0
- theta: 0.0
- qx: 0.0
- qy: 0.0
- qz: 0.0
- qw: 1.0
